       t,  CLA604,  CLA605,  CLA606,  CLA607,  CLA610,  CLA611,  PHO608,  PHO609,
     0.0000000,     0.0000000,     0.0000000,     0.0000000,     0.0000000,     0.0000000,     0.0000000,     0.0000000,     1.0000000,
     0.1000000,     0.0000001,     0.0000000,     0.0000000,     0.0000014,     0.0000000,     0.0000000,     0.0000000,     0.9999985,
     0.2000000,     0.0000000,     0.0000000,     0.0000000,     0.0000057,     0.0000000,     0.0000000,     0.0000000,     0.9999942,
     0.3000000,     0.0000000,     0.0000000,     0.0000000,     0.0000127,     0.0000000,     0.0000001,     0.0000000,     0.9999871,
     0.4000000,     0.0000000,     0.0000000,     0.0000001,     0.0000226,     0.0000000,     0.0000001,     0.0000000,     0.9999771,
     0.5000000,     0.0000000,     0.0000001,     0.0000001,     0.0000354,     0.0000000,     0.0000001,     0.0000001,     0.9999642,
     0.6000000,     0.0000000,     0.0000001,     0.0000002,     0.0000509,     0.0000000,     0.0000002,     0.0000001,     0.9999485,
     0.7000000,     0.0000000,     0.0000001,     0.0000002,     0.0000693,     0.0000000,     0.0000003,     0.0000001,     0.9999299,
     0.8000000,     0.0000000,     0.0000002,     0.0000003,     0.0000906,     0.0000000,     0.0000004,     0.0000001,     0.9999084,
     0.9000000,     0.0000000,     0.0000002,     0.0000004,     0.0001146,     0.0000000,     0.0000005,     0.0000002,     0.9998841,
     1.0000000,     0.0000000,     0.0000003,     0.0000005,     0.0001415,     0.0000000,     0.0000006,     0.0000002,     0.9998569,
     1.1000000,     0.0000000,     0.0000003,     0.0000006,     0.0001712,     0.0000000,     0.0000007,     0.0000003,     0.9998269,
     1.2000000,     0.0000000,     0.0000004,     0.0000007,     0.0002037,     0.0000000,     0.0000008,     0.0000003,     0.9997940,
     1.3000000,     0.0000000,     0.0000005,     0.0000008,     0.0002390,     0.0000000,     0.0000010,     0.0000004,     0.9997583,
     1.4000000,     0.0000000,     0.0000006,     0.0000010,     0.0002772,     0.0000000,     0.0000011,     0.0000004,     0.9997197,
     1.5000000,     0.0000000,     0.0000007,     0.0000011,     0.0003182,     0.0000000,     0.0000013,     0.0000005,     0.9996782,
     1.6000000,     0.0000000,     0.0000007,     0.0000012,     0.0003620,     0.0000000,     0.0000015,     0.0000006,     0.9996339,
     1.7000000,     0.0000000,     0.0000008,     0.0000014,     0.0004086,     0.0000000,     0.0000017,     0.0000006,     0.9995868,
     1.8000000,     0.0000000,     0.0000009,     0.0000016,     0.0004581,     0.0000000,     0.0000019,     0.0000007,     0.9995368,
     1.9000000,     0.0000000,     0.0000011,     0.0000018,     0.0005103,     0.0000000,     0.0000021,     0.0000008,     0.9994839,
     2.0000000,     0.0000000,     0.0000012,     0.0000020,     0.0005654,     0.0000000,     0.0000023,     0.0000009,     0.9994282,
     2.1000000,     0.0000000,     0.0000013,     0.0000022,     0.0006233,     0.0000000,     0.0000025,     0.0000010,     0.9993697,
     2.2000000,     0.0000000,     0.0000014,     0.0000024,     0.0006840,     0.0000000,     0.0000028,     0.0000011,     0.9993083,
     2.3000000,     0.0000000,     0.0000016,     0.0000026,     0.0007476,     0.0000000,     0.0000030,     0.0000012,     0.9992440,
     2.4000000,     0.0000000,     0.0000017,     0.0000028,     0.0008139,     0.0000000,     0.0000033,     0.0000013,     0.9991770,
     2.5000000,     0.0000000,     0.0000019,     0.0000031,     0.0008830,     0.0000000,     0.0000036,     0.0000014,     0.9991070,
     2.6000000,     0.0000000,     0.0000020,     0.0000033,     0.0009550,     0.0000000,     0.0000039,     0.0000015,     0.9990343,
     2.7000000,     0.0000000,     0.0000022,     0.0000036,     0.0010297,     0.0000000,     0.0000042,     0.0000016,     0.9989587,
     2.8000000,     0.0000000,     0.0000024,     0.0000038,     0.0011073,     0.0000000,     0.0000045,     0.0000017,     0.9988802,
     2.9000000,     0.0000000,     0.0000025,     0.0000041,     0.0011876,     0.0000000,     0.0000048,     0.0000019,     0.9987990,
     3.0000000,     0.0000000,     0.0000027,     0.0000044,     0.0012708,     0.0000000,     0.0000052,     0.0000020,     0.9987149,
     3.1000000,     0.0000000,     0.0000029,     0.0000047,     0.0013567,     0.0000000,     0.0000055,     0.0000021,     0.9986279,
     3.2000000,     0.0000000,     0.0000031,     0.0000050,     0.0014455,     0.0000000,     0.0000059,     0.0000023,     0.9985382,
     3.3000000,     0.0000000,     0.0000033,     0.0000054,     0.0015370,     0.0000000,     0.0000063,     0.0000024,     0.9984456,
     3.4000000,     0.0000000,     0.0000036,     0.0000057,     0.0016314,     0.0000000,     0.0000066,     0.0000026,     0.9983501,
     3.5000000,     0.0000000,     0.0000038,     0.0000060,     0.0017285,     0.0000000,     0.0000070,     0.0000027,     0.9982519,
     3.6000000,     0.0000000,     0.0000040,     0.0000064,     0.0018284,     0.0000000,     0.0000074,     0.0000029,     0.9981508,
     3.7000000,     0.0000000,     0.0000043,     0.0000067,     0.0019311,     0.0000000,     0.0000079,     0.0000030,     0.9980469,
     3.8000000,     0.0000000,     0.0000045,     0.0000071,     0.0020366,     0.0000000,     0.0000083,     0.0000032,     0.9979402,
     3.9000000,     0.0000000,     0.0000048,     0.0000075,     0.0021448,     0.0000000,     0.0000087,     0.0000034,     0.9978307,
     4.0000000,     0.0000000,     0.0000051,     0.0000079,     0.0022559,     0.0000000,     0.0000092,     0.0000035,     0.9977184,
     4.1000000,     0.0000000,     0.0000053,     0.0000083,     0.0023697,     0.0000000,     0.0000097,     0.0000037,     0.9976032,
     4.2000000,     0.0000000,     0.0000056,     0.0000087,     0.0024863,     0.0000000,     0.0000101,     0.0000039,     0.9974853,
     4.3000000,     0.0000000,     0.0000059,     0.0000092,     0.0026057,     0.0000000,     0.0000106,     0.0000041,     0.9973645,
     4.4000000,     0.0000000,     0.0000062,     0.0000096,     0.0027278,     0.0000000,     0.0000111,     0.0000043,     0.9972409,
     4.5000000,     0.0000000,     0.0000066,     0.0000100,     0.0028527,     0.0000000,     0.0000116,     0.0000045,     0.9971145,
     4.6000000,     0.0000000,     0.0000069,     0.0000105,     0.0029804,     0.0000000,     0.0000121,     0.0000046,     0.9969854,
     4.7000000,     0.0000000,     0.0000072,     0.0000110,     0.0031108,     0.0000000,     0.0000127,     0.0000049,     0.9968534,
     4.8000000,     0.0000000,     0.0000076,     0.0000115,     0.0032440,     0.0000000,     0.0000132,     0.0000051,     0.9967186,
     4.9000000,     0.0000000,     0.0000080,     0.0000120,     0.0033799,     0.0000000,     0.0000138,     0.0000053,     0.9965811,
     5.0000000,     0.0000000,     0.0000083,     0.0000125,     0.0035186,     0.0000001,     0.0000143,     0.0000055,     0.9964407,
     5.1000000,     0.0000000,     0.0000087,     0.0000130,     0.0036600,     0.0000001,     0.0000149,     0.0000057,     0.9962976,
     5.2000000,     0.0000000,     0.0000091,     0.0000135,     0.0038042,     0.0000001,     0.0000155,     0.0000059,     0.9961516,
     5.3000000,     0.0000000,     0.0000095,     0.0000140,     0.0039511,     0.0000001,     0.0000161,     0.0000062,     0.9960029,
     5.4000000,     0.0000000,     0.0000100,     0.0000146,     0.0041008,     0.0000001,     0.0000167,     0.0000064,     0.9958515,
     5.5000000,     0.0000000,     0.0000104,     0.0000152,     0.0042532,     0.0000001,     0.0000173,     0.0000066,     0.9956972,
     5.6000000,     0.0000000,     0.0000109,     0.0000157,     0.0044083,     0.0000001,     0.0000180,     0.0000069,     0.9955402,
     5.7000000,     0.0000000,     0.0000113,     0.0000163,     0.0045662,     0.0000001,     0.0000186,     0.0000071,     0.9953804,
     5.8000000,     0.0000000,     0.0000118,     0.0000169,     0.0047268,     0.0000001,     0.0000193,     0.0000074,     0.9952178,
     5.9000000,     0.0000000,     0.0000123,     0.0000175,     0.0048901,     0.0000001,     0.0000199,     0.0000076,     0.9950524,
     6.0000000,     0.0000000,     0.0000128,     0.0000181,     0.0050562,     0.0000001,     0.0000206,     0.0000079,     0.9948843,
     6.1000000,     0.0000000,     0.0000133,     0.0000188,     0.0052249,     0.0000001,     0.0000213,     0.0000081,     0.9947135,
     6.2000000,     0.0000000,     0.0000138,     0.0000194,     0.0053964,     0.0000001,     0.0000220,     0.0000084,     0.9945399,
     6.3000000,     0.0000000,     0.0000144,     0.0000201,     0.0055706,     0.0000001,     0.0000227,     0.0000087,     0.9943635,
     6.4000000,     0.0000000,     0.0000149,     0.0000207,     0.0057475,     0.0000001,     0.0000234,     0.0000089,     0.9941844,
     6.5000000,     0.0000000,     0.0000155,     0.0000214,     0.0059270,     0.0000001,     0.0000242,     0.0000092,     0.9940026,
     6.6000000,     0.0000000,     0.0000161,     0.0000221,     0.0061093,     0.0000001,     0.0000249,     0.0000095,     0.9938180,
     6.7000000,     0.0000000,     0.0000167,     0.0000228,     0.0062943,     0.0000001,     0.0000257,     0.0000098,     0.9936306,
     6.8000000,     0.0000000,     0.0000173,     0.0000235,     0.0064820,     0.0000001,     0.0000264,     0.0000101,     0.9934405,
     6.9000000,     0.0000000,     0.0000180,     0.0000242,     0.0066724,     0.0000001,     0.0000272,     0.0000103,     0.9932477,
     7.0000000,     0.0000000,     0.0000186,     0.0000250,     0.0068654,     0.0000001,     0.0000280,     0.0000106,     0.9930522,
     7.1000000,     0.0000000,     0.0000193,     0.0000257,     0.0070611,     0.0000001,     0.0000288,     0.0000109,     0.9928539,
     7.2000000,     0.0000000,     0.0000200,     0.0000265,     0.0072595,     0.0000001,     0.0000296,     0.0000112,     0.9926530,
     7.3000000,     0.0000000,     0.0000207,     0.0000273,     0.0074606,     0.0000001,     0.0000304,     0.0000116,     0.9924493,
     7.4000000,     0.0000000,     0.0000214,     0.0000281,     0.0076644,     0.0000001,     0.0000313,     0.0000119,     0.9922429,
     7.5000000,     0.0000000,     0.0000222,     0.0000289,     0.0078708,     0.0000001,     0.0000321,     0.0000122,     0.9920337,
     7.6000000,     0.0000000,     0.0000229,     0.0000297,     0.0080798,     0.0000001,     0.0000330,     0.0000125,     0.9918219,
     7.7000000,     0.0000000,     0.0000237,     0.0000305,     0.0082916,     0.0000001,     0.0000338,     0.0000128,     0.9916074,
     7.8000000,     0.0000000,     0.0000245,     0.0000314,     0.0085060,     0.0000001,     0.0000347,     0.0000131,     0.9913902,
     7.9000000,     0.0000000,     0.0000253,     0.0000322,     0.0087230,     0.0000001,     0.0000356,     0.0000135,     0.9911702,
     8.0000000,     0.0000000,     0.0000262,     0.0000331,     0.0089426,     0.0000001,     0.0000365,     0.0000138,     0.9909476,
     8.1000000,     0.0000000,     0.0000270,     0.0000340,     0.0091649,     0.0000001,     0.0000374,     0.0000141,     0.9907223,
     8.2000000,     0.0000000,     0.0000279,     0.0000349,     0.0093899,     0.0000001,     0.0000383,     0.0000145,     0.9904943,
     8.3000000,     0.0000000,     0.0000288,     0.0000358,     0.0096175,     0.0000001,     0.0000393,     0.0000148,     0.9902637,
     8.4000000,     0.0000000,     0.0000297,     0.0000367,     0.0098476,     0.0000001,     0.0000402,     0.0000152,     0.9900303,
     8.5000000,     0.0000000,     0.0000307,     0.0000376,     0.0100805,     0.0000001,     0.0000412,     0.0000155,     0.9897943,
     8.6000000,     0.0000000,     0.0000316,     0.0000386,     0.0103159,     0.0000001,     0.0000421,     0.0000159,     0.9895557,
     8.7000000,     0.0000000,     0.0000326,     0.0000396,     0.0105539,     0.0000002,     0.0000431,     0.0000163,     0.9893143,
     8.8000000,     0.0000000,     0.0000337,     0.0000405,     0.0107946,     0.0000002,     0.0000441,     0.0000166,     0.9890703,
     8.9000000,     0.0000000,     0.0000347,     0.0000415,     0.0110378,     0.0000002,     0.0000451,     0.0000170,     0.9888237,
     9.0000000,     0.0000000,     0.0000358,     0.0000425,     0.0112837,     0.0000002,     0.0000461,     0.0000174,     0.9885744,
     9.1000000,     0.0000000,     0.0000368,     0.0000435,     0.0115321,     0.0000002,     0.0000471,     0.0000177,     0.9883225,
     9.2000000,     0.0000000,     0.0000379,     0.0000446,     0.0117831,     0.0000002,     0.0000481,     0.0000181,     0.9880679,
     9.3000000,     0.0000000,     0.0000391,     0.0000456,     0.0120367,     0.0000002,     0.0000492,     0.0000185,     0.9878107,
     9.4000000,     0.0000000,     0.0000402,     0.0000467,     0.0122929,     0.0000002,     0.0000502,     0.0000189,     0.9875508,
     9.5000000,     0.0000000,     0.0000414,     0.0000478,     0.0125517,     0.0000002,     0.0000513,     0.0000193,     0.9872884,
     9.6000000,     0.0000000,     0.0000426,     0.0000489,     0.0128130,     0.0000002,     0.0000523,     0.0000197,     0.9870233,
     9.7000000,     0.0000000,     0.0000439,     0.0000500,     0.0130769,     0.0000002,     0.0000534,     0.0000201,     0.9867556,
     9.8000000,     0.0000000,     0.0000451,     0.0000511,     0.0133433,     0.0000002,     0.0000545,     0.0000205,     0.9864852,
     9.9000000,     0.0000000,     0.0000464,     0.0000522,     0.0136123,     0.0000002,     0.0000556,     0.0000209,     0.9862123,
    10.0000000,     0.0000000,     0.0000478,     0.0000534,     0.0138838,     0.0000002,     0.0000567,     0.0000213,     0.9859368,
    10.1000000,     0.0000000,     0.0000491,     0.0000546,     0.0141579,     0.0000002,     0.0000579,     0.0000217,     0.9856586,
    10.2000000,     0.0000000,     0.0000505,     0.0000557,     0.0144345,     0.0000002,     0.0000590,     0.0000221,     0.9853779,
    10.3000000,     0.0000000,     0.0000519,     0.0000569,     0.0147137,     0.0000002,     0.0000601,     0.0000225,     0.9850946,
    10.4000000,     0.0000000,     0.0000533,     0.0000582,     0.0149954,     0.0000002,     0.0000613,     0.0000229,     0.9848087,
    10.5000000,     0.0000000,     0.0000548,     0.0000594,     0.0152795,     0.0000002,     0.0000625,     0.0000233,     0.9845202,
    10.6000000,     0.0000000,     0.0000563,     0.0000606,     0.0155662,     0.0000002,     0.0000636,     0.0000238,     0.9842291,
    10.7000000,     0.0000000,     0.0000578,     0.0000619,     0.0158555,     0.0000002,     0.0000648,     0.0000242,     0.9839355,
    10.8000000,     0.0000000,     0.0000594,     0.0000632,     0.0161472,     0.0000002,     0.0000660,     0.0000246,     0.9836393,
    10.9000000,     0.0000000,     0.0000610,     0.0000645,     0.0164414,     0.0000002,     0.0000672,     0.0000251,     0.9833406,
    11.0000000,     0.0000000,     0.0000626,     0.0000658,     0.0167381,     0.0000002,     0.0000685,     0.0000255,     0.9830393,
    11.1000000,     0.0000000,     0.0000643,     0.0000671,     0.0170373,     0.0000002,     0.0000697,     0.0000260,     0.9827354,
    11.2000000,     0.0000000,     0.0000660,     0.0000684,     0.0173389,     0.0000003,     0.0000709,     0.0000264,     0.9824290,
    11.3000000,     0.0000000,     0.0000677,     0.0000698,     0.0176431,     0.0000003,     0.0000722,     0.0000269,     0.9821201,
    11.4000000,     0.0000000,     0.0000695,     0.0000712,     0.0179497,     0.0000003,     0.0000734,     0.0000273,     0.9818086,
    11.5000000,     0.0000000,     0.0000712,     0.0000726,     0.0182588,     0.0000003,     0.0000747,     0.0000278,     0.9814947,
    11.6000000,     0.0000000,     0.0000731,     0.0000740,     0.0185703,     0.0000003,     0.0000760,     0.0000282,     0.9811781,
    11.7000000,     0.0000000,     0.0000749,     0.0000754,     0.0188843,     0.0000003,     0.0000773,     0.0000287,     0.9808591,
    11.8000000,     0.0000000,     0.0000769,     0.0000768,     0.0192007,     0.0000003,     0.0000786,     0.0000292,     0.9805376,
    11.9000000,     0.0000000,     0.0000788,     0.0000783,     0.0195195,     0.0000003,     0.0000799,     0.0000296,     0.9802135,
    12.0000000,     0.0000000,     0.0000808,     0.0000798,     0.0198408,     0.0000003,     0.0000812,     0.0000301,     0.9798870,
    12.1000000,     0.0000000,     0.0000828,     0.0000813,     0.0201646,     0.0000003,     0.0000825,     0.0000306,     0.9795579,
    12.2000000,     0.0000000,     0.0000848,     0.0000828,     0.0204907,     0.0000003,     0.0000839,     0.0000310,     0.9792264,
    12.3000000,     0.0000000,     0.0000869,     0.0000843,     0.0208193,     0.0000003,     0.0000852,     0.0000315,     0.9788924,
    12.4000000,     0.0000000,     0.0000891,     0.0000858,     0.0211502,     0.0000003,     0.0000866,     0.0000320,     0.9785559,
    12.5000000,     0.0000000,     0.0000912,     0.0000874,     0.0214836,     0.0000003,     0.0000880,     0.0000325,     0.9782169,
    12.6000000,     0.0000000,     0.0000935,     0.0000890,     0.0218193,     0.0000003,     0.0000894,     0.0000330,     0.9778755,
    12.7000000,     0.0000000,     0.0000957,     0.0000906,     0.0221575,     0.0000003,     0.0000908,     0.0000335,     0.9775316,
    12.8000000,     0.0000000,     0.0000980,     0.0000922,     0.0224980,     0.0000003,     0.0000922,     0.0000340,     0.9771852,
    12.9000000,     0.0000000,     0.0001004,     0.0000938,     0.0228409,     0.0000003,     0.0000936,     0.0000345,     0.9768364,
    13.0000000,     0.0000000,     0.0001027,     0.0000955,     0.0231862,     0.0000003,     0.0000950,     0.0000350,     0.9764852,
    13.1000000,     0.0000000,     0.0001052,     0.0000972,     0.0235339,     0.0000003,     0.0000964,     0.0000355,     0.9761315,
    13.2000000,     0.0000000,     0.0001076,     0.0000989,     0.0238838,     0.0000004,     0.0000979,     0.0000360,     0.9757754,
    13.3000000,     0.0000000,     0.0001101,     0.0001006,     0.0242362,     0.0000004,     0.0000993,     0.0000365,     0.9754169,
    13.4000000,     0.0000000,     0.0001127,     0.0001023,     0.0245909,     0.0000004,     0.0001008,     0.0000370,     0.9750559,
    13.5000000,     0.0000000,     0.0001153,     0.0001041,     0.0249479,     0.0000004,     0.0001023,     0.0000375,     0.9746925,
    13.6000000,     0.0000000,     0.0001180,     0.0001058,     0.0253073,     0.0000004,     0.0001038,     0.0000380,     0.9743267,
    13.7000000,     0.0000000,     0.0001207,     0.0001076,     0.0256690,     0.0000004,     0.0001052,     0.0000386,     0.9739585,
    13.8000000,     0.0000001,     0.0001234,     0.0001094,     0.0260330,     0.0000004,     0.0001067,     0.0000391,     0.9735880,
    13.9000000,     0.0000001,     0.0001262,     0.0001112,     0.0263993,     0.0000004,     0.0001083,     0.0000396,     0.9732150,
    14.0000000,     0.0000001,     0.0001290,     0.0001131,     0.0267679,     0.0000004,     0.0001098,     0.0000401,     0.9728396,
    14.1000000,     0.0000001,     0.0001319,     0.0001149,     0.0271388,     0.0000004,     0.0001113,     0.0000407,     0.9724619,
    14.2000000,     0.0000001,     0.0001349,     0.0001168,     0.0275120,     0.0000004,     0.0001129,     0.0000412,     0.9720818,
    14.3000000,     0.0000001,     0.0001379,     0.0001187,     0.0278875,     0.0000004,     0.0001144,     0.0000417,     0.9716993,
    14.4000000,     0.0000001,     0.0001409,     0.0001207,     0.0282652,     0.0000004,     0.0001160,     0.0000423,     0.9713145,
    14.5000000,     0.0000001,     0.0001440,     0.0001226,     0.0286453,     0.0000004,     0.0001175,     0.0000428,     0.9709273,
    14.6000000,     0.0000001,     0.0001471,     0.0001246,     0.0290275,     0.0000004,     0.0001191,     0.0000434,     0.9705378,
    14.7000000,     0.0000001,     0.0001503,     0.0001265,     0.0294121,     0.0000004,     0.0001207,     0.0000439,     0.9701459,
    14.8000000,     0.0000001,     0.0001536,     0.0001286,     0.0297989,     0.0000004,     0.0001223,     0.0000445,     0.9697517,
    14.9000000,     0.0000001,     0.0001569,     0.0001306,     0.0301879,     0.0000004,     0.0001239,     0.0000450,     0.9693552,
    15.0000000,     0.0000001,     0.0001603,     0.0001326,     0.0305792,     0.0000005,     0.0001256,     0.0000456,     0.9689563,
    15.1000000,     0.0000001,     0.0001637,     0.0001347,     0.0309727,     0.0000005,     0.0001272,     0.0000461,     0.9685552,
    15.2000000,     0.0000001,     0.0001671,     0.0001368,     0.0313684,     0.0000005,     0.0001288,     0.0000467,     0.9681517,
    15.3000000,     0.0000001,     0.0001707,     0.0001389,     0.0317663,     0.0000005,     0.0001305,     0.0000472,     0.9677459,
    15.4000000,     0.0000001,     0.0001742,     0.0001410,     0.0321664,     0.0000005,     0.0001321,     0.0000478,     0.9673379,
    15.5000000,     0.0000001,     0.0001779,     0.0001432,     0.0325687,     0.0000005,     0.0001338,     0.0000484,     0.9669275,
    15.6000000,     0.0000001,     0.0001816,     0.0001453,     0.0329733,     0.0000005,     0.0001355,     0.0000489,     0.9665149,
    15.7000000,     0.0000001,     0.0001853,     0.0001475,     0.0333799,     0.0000005,     0.0001372,     0.0000495,     0.9661000,
    15.8000000,     0.0000001,     0.0001892,     0.0001497,     0.0337888,     0.0000005,     0.0001389,     0.0000501,     0.9656828,
    15.9000000,     0.0000001,     0.0001930,     0.0001520,     0.0341999,     0.0000005,     0.0001406,     0.0000507,     0.9652633,
    16.0000000,     0.0000001,     0.0001970,     0.0001542,     0.0346131,     0.0000005,     0.0001423,     0.0000512,     0.9648416,
    16.1000000,     0.0000001,     0.0002010,     0.0001565,     0.0350284,     0.0000005,     0.0001440,     0.0000518,     0.9644177,
    16.2000000,     0.0000001,     0.0002050,     0.0001588,     0.0354459,     0.0000005,     0.0001457,     0.0000524,     0.9639915,
    16.3000000,     0.0000001,     0.0002092,     0.0001612,     0.0358655,     0.0000005,     0.0001475,     0.0000530,     0.9635631,
    16.4000000,     0.0000001,     0.0002134,     0.0001635,     0.0362873,     0.0000005,     0.0001492,     0.0000536,     0.9631324,
    16.5000000,     0.0000001,     0.0002176,     0.0001659,     0.0367112,     0.0000005,     0.0001510,     0.0000541,     0.9626996,
    16.6000000,     0.0000001,     0.0002219,     0.0001683,     0.0371372,     0.0000005,     0.0001528,     0.0000547,     0.9622645,
    16.7000000,     0.0000001,     0.0002263,     0.0001707,     0.0375653,     0.0000006,     0.0001546,     0.0000553,     0.9618272,
    16.8000000,     0.0000001,     0.0002308,     0.0001731,     0.0379955,     0.0000006,     0.0001563,     0.0000559,     0.9613877,
    16.9000000,     0.0000001,     0.0002353,     0.0001756,     0.0384278,     0.0000006,     0.0001581,     0.0000565,     0.9609460,
    17.0000000,     0.0000001,     0.0002399,     0.0001781,     0.0388622,     0.0000006,     0.0001600,     0.0000571,     0.9605022,
    17.1000000,     0.0000001,     0.0002445,     0.0001806,     0.0392987,     0.0000006,     0.0001618,     0.0000577,     0.9600561,
    17.2000000,     0.0000001,     0.0002492,     0.0001831,     0.0397372,     0.0000006,     0.0001636,     0.0000583,     0.9596079,
    17.3000000,     0.0000001,     0.0002540,     0.0001857,     0.0401778,     0.0000006,     0.0001654,     0.0000589,     0.9591575,
    17.4000000,     0.0000001,     0.0002589,     0.0001882,     0.0406205,     0.0000006,     0.0001673,     0.0000595,     0.9587050,
    17.5000000,     0.0000001,     0.0002638,     0.0001908,     0.0410652,     0.0000006,     0.0001691,     0.0000601,     0.9582503,
    17.6000000,     0.0000001,     0.0002688,     0.0001935,     0.0415119,     0.0000006,     0.0001710,     0.0000607,     0.9577934,
    17.7000000,     0.0000001,     0.0002739,     0.0001961,     0.0419606,     0.0000006,     0.0001729,     0.0000614,     0.9573345,
    17.8000000,     0.0000001,     0.0002790,     0.0001988,     0.0424114,     0.0000006,     0.0001747,     0.0000620,     0.9568734,
    17.9000000,     0.0000001,     0.0002842,     0.0002015,     0.0428642,     0.0000006,     0.0001766,     0.0000626,     0.9564101,
    18.0000000,     0.0000001,     0.0002895,     0.0002042,     0.0433190,     0.0000006,     0.0001785,     0.0000632,     0.9559448,
    18.1000000,     0.0000001,     0.0002949,     0.0002069,     0.0437758,     0.0000006,     0.0001804,     0.0000638,     0.9554774,
    18.2000000,     0.0000001,     0.0003003,     0.0002097,     0.0442346,     0.0000007,     0.0001824,     0.0000644,     0.9550078,
    18.3000000,     0.0000001,     0.0003059,     0.0002125,     0.0446954,     0.0000007,     0.0001843,     0.0000651,     0.9545362,
    18.4000000,     0.0000001,     0.0003115,     0.0002153,     0.0451581,     0.0000007,     0.0001862,     0.0000657,     0.9540624,
    18.5000000,     0.0000001,     0.0003171,     0.0002182,     0.0456228,     0.0000007,     0.0001882,     0.0000663,     0.9535866,
    18.6000000,     0.0000001,     0.0003229,     0.0002210,     0.0460895,     0.0000007,     0.0001901,     0.0000669,     0.9531088,
    18.7000000,     0.0000001,     0.0003287,     0.0002239,     0.0465581,     0.0000007,     0.0001921,     0.0000676,     0.9526288,
    18.8000000,     0.0000001,     0.0003346,     0.0002269,     0.0470286,     0.0000007,     0.0001940,     0.0000682,     0.9521468,
    18.9000000,     0.0000001,     0.0003406,     0.0002298,     0.0475011,     0.0000007,     0.0001960,     0.0000688,     0.9516628,
    19.0000000,     0.0000001,     0.0003467,     0.0002328,     0.0479755,     0.0000007,     0.0001980,     0.0000695,     0.9511767,
    19.1000000,     0.0000001,     0.0003529,     0.0002358,     0.0484519,     0.0000007,     0.0002000,     0.0000701,     0.9506886,
    19.2000000,     0.0000001,     0.0003591,     0.0002388,     0.0489301,     0.0000007,     0.0002020,     0.0000707,     0.9501984,
    19.3000000,     0.0000001,     0.0003654,     0.0002418,     0.0494102,     0.0000007,     0.0002040,     0.0000714,     0.9497063,
    19.4000000,     0.0000001,     0.0003718,     0.0002449,     0.0498923,     0.0000007,     0.0002060,     0.0000720,     0.9492121,
    19.5000000,     0.0000001,     0.0003783,     0.0002480,     0.0503762,     0.0000008,     0.0002081,     0.0000727,     0.9487159,
    19.6000000,     0.0000001,     0.0003849,     0.0002511,     0.0508620,     0.0000008,     0.0002101,     0.0000733,     0.9482178,
    19.7000000,     0.0000001,     0.0003916,     0.0002543,     0.0513496,     0.0000008,     0.0002122,     0.0000740,     0.9477176,
    19.8000000,     0.0000001,     0.0003983,     0.0002575,     0.0518391,     0.0000008,     0.0002142,     0.0000746,     0.9472154,
    19.9000000,     0.0000001,     0.0004052,     0.0002607,     0.0523305,     0.0000008,     0.0002163,     0.0000752,     0.9467113,
    20.0000000,     0.0000001,     0.0004121,     0.0002639,     0.0528237,     0.0000008,     0.0002183,     0.0000759,     0.9462052,
    20.1000000,     0.0000001,     0.0004191,     0.0002672,     0.0533187,     0.0000008,     0.0002204,     0.0000765,     0.9456972,
    20.2000000,     0.0000001,     0.0004262,     0.0002704,     0.0538155,     0.0000008,     0.0002225,     0.0000772,     0.9451872,
    20.3000000,     0.0000001,     0.0004334,     0.0002738,     0.0543142,     0.0000008,     0.0002246,     0.0000778,     0.9446753,
    20.4000000,     0.0000001,     0.0004407,     0.0002771,     0.0548147,     0.0000008,     0.0002267,     0.0000785,     0.9441614,
    20.5000000,     0.0000001,     0.0004481,     0.0002805,     0.0553169,     0.0000008,     0.0002288,     0.0000792,     0.9436456,
    20.6000000,     0.0000001,     0.0004556,     0.0002838,     0.0558210,     0.0000008,     0.0002310,     0.0000798,     0.9431279,
    20.7000000,     0.0000001,     0.0004632,     0.0002873,     0.0563268,     0.0000008,     0.0002331,     0.0000805,     0.9426083,
    20.8000000,     0.0000001,     0.0004708,     0.0002907,     0.0568345,     0.0000009,     0.0002352,     0.0000811,     0.9420867,
    20.9000000,     0.0000001,     0.0004786,     0.0002942,     0.0573438,     0.0000009,     0.0002374,     0.0000818,     0.9415633,
    21.0000000,     0.0000001,     0.0004865,     0.0002977,     0.0578550,     0.0000009,     0.0002395,     0.0000824,     0.9410380,
    21.1000000,     0.0000001,     0.0004944,     0.0003012,     0.0583679,     0.0000009,     0.0002417,     0.0000831,     0.9405108,
    21.2000000,     0.0000001,     0.0005025,     0.0003048,     0.0588825,     0.0000009,     0.0002439,     0.0000838,     0.9399817,
    21.3000000,     0.0000001,     0.0005106,     0.0003084,     0.0593988,     0.0000009,     0.0002460,     0.0000844,     0.9394508,
    21.4000000,     0.0000001,     0.0005189,     0.0003120,     0.0599169,     0.0000009,     0.0002482,     0.0000851,     0.9389180,
    21.5000000,     0.0000001,     0.0005272,     0.0003156,     0.0604367,     0.0000009,     0.0002504,     0.0000858,     0.9383833,
    21.6000000,     0.0000001,     0.0005357,     0.0003193,     0.0609581,     0.0000009,     0.0002526,     0.0000864,     0.9378468,
    21.7000000,     0.0000001,     0.0005442,     0.0003230,     0.0614813,     0.0000009,     0.0002548,     0.0000871,     0.9373085,
    21.8000000,     0.0000001,     0.0005529,     0.0003267,     0.0620062,     0.0000009,     0.0002571,     0.0000878,     0.9367684,
    21.9000000,     0.0000001,     0.0005616,     0.0003305,     0.0625327,     0.0000009,     0.0002593,     0.0000884,     0.9362264,
    22.0000000,     0.0000001,     0.0005705,     0.0003342,     0.0630609,     0.0000009,     0.0002615,     0.0000891,     0.9356827,
    22.1000000,     0.0000001,     0.0005795,     0.0003381,     0.0635908,     0.0000010,     0.0002638,     0.0000898,     0.9351371,
    22.2000000,     0.0000001,     0.0005886,     0.0003419,     0.0641223,     0.0000010,     0.0002660,     0.0000905,     0.9345897,
    22.3000000,     0.0000001,     0.0005977,     0.0003458,     0.0646555,     0.0000010,     0.0002683,     0.0000911,     0.9340406,
    22.4000000,     0.0000001,     0.0006070,     0.0003497,     0.0651902,     0.0000010,     0.0002705,     0.0000918,     0.9334897,
    22.5000000,     0.0000001,     0.0006164,     0.0003536,     0.0657267,     0.0000010,     0.0002728,     0.0000925,     0.9329370,
    22.6000000,     0.0000001,     0.0006259,     0.0003576,     0.0662647,     0.0000010,     0.0002751,     0.0000932,     0.9323825,
    22.7000000,     0.0000001,     0.0006355,     0.0003615,     0.0668043,     0.0000010,     0.0002774,     0.0000938,     0.9318263,
    22.8000000,     0.0000001,     0.0006453,     0.0003656,     0.0673455,     0.0000010,     0.0002797,     0.0000945,     0.9312683,
    22.9000000,     0.0000001,     0.0006551,     0.0003696,     0.0678884,     0.0000010,     0.0002820,     0.0000952,     0.9307087,
    23.0000000,     0.0000001,     0.0006651,     0.0003737,     0.0684328,     0.0000010,     0.0002843,     0.0000959,     0.9301472,
    23.1000000,     0.0000001,     0.0006751,     0.0003778,     0.0689787,     0.0000010,     0.0002866,     0.0000966,     0.9295841,
    23.2000000,     0.0000001,     0.0006853,     0.0003819,     0.0695262,     0.0000010,     0.0002889,     0.0000973,     0.9290192,
    23.3000000,     0.0000001,     0.0006956,     0.0003861,     0.0700753,     0.0000011,     0.0002913,     0.0000979,     0.9284527,
    23.4000000,     0.0000001,     0.0007060,     0.0003903,     0.0706259,     0.0000011,     0.0002936,     0.0000986,     0.9278844,
    23.5000000,     0.0000001,     0.0007165,     0.0003945,     0.0711781,     0.0000011,     0.0002960,     0.0000993,     0.9273145,
    23.6000000,     0.0000001,     0.0007271,     0.0003988,     0.0717318,     0.0000011,     0.0002983,     0.0001000,     0.9267429,
    23.7000000,     0.0000001,     0.0007379,     0.0004030,     0.0722870,     0.0000011,     0.0003007,     0.0001007,     0.9261696,
    23.8000000,     0.0000001,     0.0007488,     0.0004074,     0.0728437,     0.0000011,     0.0003031,     0.0001014,     0.9255946,
    23.9000000,     0.0000001,     0.0007598,     0.0004117,     0.0734019,     0.0000011,     0.0003054,     0.0001020,     0.9250180,
    24.0000000,     0.0000001,     0.0007709,     0.0004161,     0.0739616,     0.0000011,     0.0003078,     0.0001027,     0.9244397,
    24.1000000,     0.0000001,     0.0007821,     0.0004205,     0.0745227,     0.0000011,     0.0003102,     0.0001034,     0.9238598,
    24.2000000,     0.0000001,     0.0007934,     0.0004249,     0.0750854,     0.0000011,     0.0003126,     0.0001041,     0.9232783,
    24.3000000,     0.0000001,     0.0008049,     0.0004294,     0.0756495,     0.0000011,     0.0003150,     0.0001048,     0.9226952,
    24.4000000,     0.0000001,     0.0008165,     0.0004339,     0.0762150,     0.0000012,     0.0003174,     0.0001055,     0.9221104,
    24.5000000,     0.0000001,     0.0008282,     0.0004384,     0.0767820,     0.0000012,     0.0003199,     0.0001062,     0.9215240,
    24.6000000,     0.0000001,     0.0008401,     0.0004430,     0.0773504,     0.0000012,     0.0003223,     0.0001069,     0.9209361,
    24.7000000,     0.0000001,     0.0008521,     0.0004476,     0.0779203,     0.0000012,     0.0003247,     0.0001076,     0.9203465,
    24.8000000,     0.0000001,     0.0008642,     0.0004522,     0.0784916,     0.0000012,     0.0003272,     0.0001082,     0.9197554,
    24.9000000,     0.0000001,     0.0008764,     0.0004569,     0.0790642,     0.0000012,     0.0003296,     0.0001089,     0.9191627,
    25.0000000,     0.0000001,     0.0008888,     0.0004615,     0.0796383,     0.0000012,     0.0003321,     0.0001096,     0.9185684,
    25.1000000,     0.0000001,     0.0009012,     0.0004663,     0.0802138,     0.0000012,     0.0003346,     0.0001103,     0.9179726,
    25.2000000,     0.0000001,     0.0009138,     0.0004710,     0.0807906,     0.0000012,     0.0003370,     0.0001110,     0.9173752,
    25.3000000,     0.0000001,     0.0009266,     0.0004758,     0.0813688,     0.0000012,     0.0003395,     0.0001117,     0.9167763,
    25.4000000,     0.0000001,     0.0009395,     0.0004806,     0.0819484,     0.0000012,     0.0003420,     0.0001124,     0.9161758,
    25.5000000,     0.0000001,     0.0009525,     0.0004854,     0.0825293,     0.0000013,     0.0003445,     0.0001131,     0.9155738,
    25.6000000,     0.0000001,     0.0009656,     0.0004903,     0.0831116,     0.0000013,     0.0003470,     0.0001138,     0.9149704,
    25.7000000,     0.0000001,     0.0009789,     0.0004952,     0.0836952,     0.0000013,     0.0003495,     0.0001145,     0.9143654,
    25.8000000,     0.0000001,     0.0009923,     0.0005002,     0.0842801,     0.0000013,     0.0003520,     0.0001152,     0.9137589,
    25.9000000,     0.0000001,     0.0010058,     0.0005051,     0.0848663,     0.0000013,     0.0003545,     0.0001159,     0.9131509,
    26.0000000,     0.0000001,     0.0010195,     0.0005101,     0.0854539,     0.0000013,     0.0003571,     0.0001166,     0.9125414,
    26.1000000,     0.0000001,     0.0010333,     0.0005152,     0.0860427,     0.0000013,     0.0003596,     0.0001173,     0.9119305,
    26.2000000,     0.0000001,     0.0010473,     0.0005202,     0.0866328,     0.0000013,     0.0003621,     0.0001180,     0.9113181,
    26.3000000,     0.0000001,     0.0010614,     0.0005253,     0.0872242,     0.0000013,     0.0003647,     0.0001187,     0.9107043,
    26.4000000,     0.0000001,     0.0010756,     0.0005305,     0.0878169,     0.0000013,     0.0003672,     0.0001194,     0.9100890,
    26.5000000,     0.0000001,     0.0010900,     0.0005356,     0.0884108,     0.0000013,     0.0003698,     0.0001201,     0.9094722,
    26.6000000,     0.0000001,     0.0011045,     0.0005408,     0.0890060,     0.0000014,     0.0003724,     0.0001208,     0.9088541,
    26.7000000,     0.0000001,     0.0011192,     0.0005461,     0.0896024,     0.0000014,     0.0003749,     0.0001214,     0.9082345,
    26.8000000,     0.0000001,     0.0011340,     0.0005513,     0.0902001,     0.0000014,     0.0003775,     0.0001221,     0.9076135,
    26.9000000,     0.0000001,     0.0011489,     0.0005566,     0.0907989,     0.0000014,     0.0003801,     0.0001228,     0.9069911,
    27.0000000,     0.0000001,     0.0011640,     0.0005619,     0.0913990,     0.0000014,     0.0003827,     0.0001235,     0.9063673,
    27.1000000,     0.0000001,     0.0011792,     0.0005673,     0.0920003,     0.0000014,     0.0003853,     0.0001242,     0.9057421,
    27.2000000,     0.0000001,     0.0011946,     0.0005727,     0.0926028,     0.0000014,     0.0003879,     0.0001249,     0.9051155,
    27.3000000,     0.0000001,     0.0012102,     0.0005781,     0.0932065,     0.0000014,     0.0003905,     0.0001256,     0.9044876,
    27.4000000,     0.0000001,     0.0012258,     0.0005836,     0.0938113,     0.0000014,     0.0003931,     0.0001263,     0.9038583,
    27.5000000,     0.0000001,     0.0012417,     0.0005891,     0.0944173,     0.0000014,     0.0003958,     0.0001270,     0.9032277,
    27.6000000,     0.0000001,     0.0012576,     0.0005946,     0.0950245,     0.0000015,     0.0003984,     0.0001277,     0.9025957,
    27.7000000,     0.0000001,     0.0012738,     0.0006001,     0.0956328,     0.0000015,     0.0004010,     0.0001284,     0.9019623,
    27.8000000,     0.0000001,     0.0012900,     0.0006057,     0.0962422,     0.0000015,     0.0004037,     0.0001291,     0.9013277,
    27.9000000,     0.0000001,     0.0013065,     0.0006114,     0.0968528,     0.0000015,     0.0004063,     0.0001298,     0.9006917,
    28.0000000,     0.0000001,     0.0013230,     0.0006170,     0.0974645,     0.0000015,     0.0004090,     0.0001305,     0.9000544,
    28.1000000,     0.0000001,     0.0013398,     0.0006227,     0.0980773,     0.0000015,     0.0004116,     0.0001312,     0.8994158,
    28.2000000,     0.0000001,     0.0013567,     0.0006284,     0.0986912,     0.0000015,     0.0004143,     0.0001319,     0.8987759,
    28.3000000,     0.0000001,     0.0013737,     0.0006342,     0.0993062,     0.0000015,     0.0004170,     0.0001326,     0.8981347,
    28.4000000,     0.0000001,     0.0013909,     0.0006400,     0.0999223,     0.0000015,     0.0004197,     0.0001333,     0.8974923,
    28.5000000,     0.0000001,     0.0014082,     0.0006458,     0.1005394,     0.0000015,     0.0004224,     0.0001340,     0.8968485,
    28.6000000,     0.0000001,     0.0014258,     0.0006517,     0.1011576,     0.0000016,     0.0004251,     0.0001347,     0.8962036,
    28.7000000,     0.0000001,     0.0014434,     0.0006575,     0.1017769,     0.0000016,     0.0004278,     0.0001354,     0.8955573,
    28.8000000,     0.0000001,     0.0014613,     0.0006635,     0.1023972,     0.0000016,     0.0004305,     0.0001361,     0.8949098,
    28.9000000,     0.0000001,     0.0014793,     0.0006694,     0.1030186,     0.0000016,     0.0004332,     0.0001368,     0.8942611,
    29.0000000,     0.0000001,     0.0014974,     0.0006754,     0.1036409,     0.0000016,     0.0004359,     0.0001375,     0.8936112,
    29.1000000,     0.0000001,     0.0015157,     0.0006814,     0.1042643,     0.0000016,     0.0004386,     0.0001382,     0.8929600,
    29.2000000,     0.0000001,     0.0015342,     0.0006875,     0.1048887,     0.0000016,     0.0004413,     0.0001389,     0.8923077,
